1;1;1;4;400.0;2016111112;2016111212;2016111110;1;2;false;1,2
2;1;1;2;600.0;20161111;20161112;2016120820;2;2;false;3,4
3;1;1;2;1000.0;20161111;20161112;2016120820;3;2;false;5,6
4;1;4;2;400.0;20161111;20161112;2016120817;2;2;false;41,42
5;1;5;4;400.0;20161111;20161112;20161113;2;2;false;51,52
6;2;1;1;400.0;20161111;20161112;20161113;2;2;false;11,12
7;2;1;1;600.0;20161111;20161112;2016120817;3;2;false;13,14
8;2;2;3;300.0;20161111;20161112;20161113;3;1;false;23
9;3;4;3;300.0;20161111;20161112;2016120817;3;1;false;43
10;3;5;4;300.0;20161111;20161112;20161113;3;1;false;53
