1;0;双11;0.8;20161110;20161112
1;0;双12;0.87;20161211;20161213
0;0;双11;0.7;20161110;20161112
2;0;黑色星期五;0.78;20161208;20161210
2;2;房间优惠策略;0.88;20161001;20161211;2
2;2;房间优惠策略;0.78;20161001;20161211;3
2;2;房间优惠策略;0.68;20161001;20161211;4
1;1;生日优惠策略;0.5;20161001;20161211
2;1;生日优惠策略;0.51;20161001;20161211
1;3;合作企业优惠策略;0.9;20161001;20161211;华为
2;3;合作企业优惠策略;0.9;20161001;20161211;小米
0;4;VIP2栖霞区商圈优惠策略;0.9;20161001;20161211;栖霞区;2
0;4;VIP3栖霞区商圈优惠策略;0.8;20161001;20161211;栖霞区;3
0;4;VIP4秦淮区商圈优惠策略;0.7;20161001;20161211;秦淮区;4
0;4;VIP5秦淮区商圈优惠策略;0.6;20161001;20161211;秦淮区;5